version https://git-lfs.github.com/spec/v1
oid sha256:bda08cfa054bafe56b4b51908c7e389bc4b09ecc89d618e77c357c5afe7d658a
size 2053
